Cal = 
[| -4,  3, -2,  1
 | -2,  1, -4,  3
 |  3, -4, -1,  2
 |  2, -1,  4, -3
 |  4, -3,  2, -1
 | -3,  4,  1, -2
 |];
Costos = 
[| 120,   0, 485,   0
 |  87,   0,  87,   0
 |  51,  87, 120,   0
 |   0, 120, 452, 572
 |   0, 452,   0, 452
 | 452, 485,   0,  51
 | 452,   0,   0,  87
 |];
sum_costos = [1162, 1144, 1144, 1162];
ConteoPerm = 
[| 0, 1, 0, 1
 | 0, 2, 0, 2
 | 1, 0, 0, 3
 | 2, 0, 1, 0
 | 3, 0, 2, 0
 | 0, 1, 3, 0
 |];
ConteoGira = 
[| 1, 0, 1, 0
 | 2, 0, 2, 0
 | 0, 1, 3, 0
 | 0, 2, 0, 1
 | 0, 3, 0, 2
 | 1, 0, 0, 3
 |];
Perm = 
[| 0, 0, 0, 0
 | 0, 2, 0, 0
 | 0, 0, 0, 3
 | 0, 0, 0, 0
 | 3, 0, 0, 0
 | 0, 1, 3, 0
 |];
Gira = 
[| 0, 0, 0, 0
 | 2, 0, 0, 0
 | 0, 0, 3, 0
 | 0, 0, 0, 0
 | 0, 3, 0, 0
 | 1, 0, 0, 3
 |];
----------
==========
