20
1
4
0 405 612 633 536 79 235 427 536 399 560 657 589 407 489 431 270 546 166 525
405 0 675 288 291 332 404 290 599 12 347 252 184 470 552 82 435 609 327 506
612 675 0 387 384 691 377 385 76 687 328 499 699 205 189 757 342 66 446 235
633 288 387 0 97 560 632 206 413 300 73 112 312 438 264 370 663 321 555 218
536 291 384 97 0 463 535 109 316 303 56 121 315 341 261 373 566 318 458 215
79 332 691 560 463 0 314 354 615 326 487 584 516 486 568 358 349 625 245 522
235 404 377 632 535 314 0 426 301 398 559 656 588 194 478 430 35 343 77 524
427 290 385 206 109 354 426 0 309 302 133 230 314 232 262 372 457 319 349 216
536 599 76 413 316 615 301 309 0 611 340 437 623 129 259 681 266 124 370 305
399 12 687 300 303 326 398 302 611 0 359 258 190 482 564 70 429 621 321 518
560 347 328 73 56 487 559 133 340 359 0 171 371 365 205 429 590 262 482 159
657 252 499 112 121 584 656 230 437 258 171 0 200 462 376 258 687 433 579 330
589 184 699 312 315 516 588 314 623 190 371 200 0 494 576 158 619 633 511 530
407 470 205 438 341 486 194 232 129 482 365 462 494 0 284 552 225 149 241 330
489 552 189 264 261 568 478 262 259 564 205 376 576 284 0 634 509 135 401 46
431 82 757 370 373 358 430 372 681 70 429 258 158 552 634 0 461 691 353 588
270 435 342 663 566 349 35 457 266 429 590 687 619 225 509 461 0 374 108 555
546 609 66 321 318 625 343 319 124 621 262 433 633 149 135 691 374 0 380 181
166 327 446 555 458 245 77 349 370 321 482 579 511 241 401 353 108 380 0 447
525 506 235 218 215 522 524 216 305 518 159 330 530 330 46 588 555 181 447 0
