16
1
7
0 194 395 305 183 174 61 313 79 32 490 110 440 312 37 251
194 0 201 423 377 368 255 431 223 226 608 86 246 194 157 203
395 201 0 428 578 569 456 430 424 427 607 285 63 247 358 202
305 423 428 0 280 215 250 336 226 337 185 337 473 617 280 284
183 377 578 280 0 65 122 486 154 151 465 293 623 337 220 434
174 368 569 215 65 0 113 477 145 142 400 284 614 402 211 425
61 255 456 250 122 113 0 364 32 87 435 171 501 367 98 312
313 431 430 336 486 477 364 0 332 345 215 345 367 625 288 228
79 223 424 226 154 145 32 332 0 111 411 139 469 391 66 280
32 226 427 337 151 142 87 345 111 0 522 142 472 280 69 283
490 608 607 185 465 400 435 215 411 522 0 522 544 802 465 405
110 86 285 337 293 284 171 345 139 142 522 0 330 280 73 141
440 246 63 473 623 614 501 367 469 472 544 330 0 292 403 189
312 194 247 617 337 402 367 625 391 280 802 280 292 0 337 397
37 157 358 280 220 211 98 288 66 69 465 73 403 337 0 214
251 203 202 284 434 425 312 228 280 283 405 141 189 397 214 0
